1000
53.2 197.9 12.4
78.3 50.3 7.8
28.4 156.6 9.3
2.4 142.9 14.1
25.5 188.8 6.5
69.3 50.9 11.2
30.6 75.7 8.9
71.1 119.2 13.7
33.5 162.1 10.0
27.3 137.6 5.6
47.6 148.0 14.8
98.6 101.6 7.3
94.1 144.0 9.9
50.4 118.7 12.1
10.2 152.1 6.2
2.1 124.0 15.0
66.8 53.4 8.4
38.5 149.2 11.6
24.1 151.3 9.0
1.5 98.4 13.2
20.5 78.0 7.1
76.5 198.6 10.5
50.0 118.9 12.8
61.3 190.1 8.7
78.5 177.9 14.3
10.7 193.7 6.9
36.4 190.7 11.0
21.3 96.9 13.5
33.7 176.4 9.6
64.3 112.2 12.2
1.1 118.1 5.9
42.6 143.1 14.7
75.1 147.6 10.3
19.5 137.4 7.7
79.0 139.0 13.1
45.2 98.7 8.2
31.2 86.5 11.9
23.6 137.8 9.4
15.8 196.0 12.6
98.9 111.3 6.8
13.8 64.8 15.0
17.0 71.0 10.1
61.1 109.8 13.4
92.5 193.9 7.5
61.5 134.7 11.3
65.4 158.7 14.0
69.2 164.0 9.8
20.0 68.7 12.9
10.9 51.4 8.0
15.4 183.9 13.8
68.3 197.5 11.5
10.9 132.9 6.1
12.6 107.3 10.7
52.4 58.2 14.2
4.4 99.0 7.9
8.1 74.5 12.5
27.6 185.0 5.5
76.9 90.9 13.0
39.4 124.3 10.8
1.6 58.1 8.5
91.6 159.2 11.1
85.7 173.9 9.2
78.3 149.1 14.5
69.8 174.7 7.2
3.6 51.6 12.0
58.6 140.5 10.4
8.4 113.6 8.8
20.3 71.1 13.3
18.5 90.6 6.4
8.0 174.0 11.7
52.9 114.4 9.7
54.1 171.0 12.3
70.1 147.3 5.2
83.6 178.0 14.6
22.9 104.9 10.2
57.5 193.0 7.6
30.9 84.7 13.6
91.9 185.3 8.1
12.9 66.9 11.4
46.8 117.4 14.9
41.5 149.4 9.1
23.3 144.5 12.7
6.1 95.4 6.7
10.6 149.1 10.9
93.7 107.6 8.3
66.5 177.1 13.9
5.3 168.2 7.0
4.8 98.0 11.8
67.7 139.9 9.5
81.5 185.3 12.4
60.9 98.6 7.8
90.5 135.2 9.3
32.5 170.4 14.1
97.2 185.7 6.5
97.3 128.5 11.2
47.7 169.4 8.9
84.9 98.4 13.7
90.9 156.0 10.0
41.6 151.0 5.6
65.3 133.5 14.8
53.2 197.9 12.4
78.3 50.3 7.8
28.4 156.6 9.3
2.4 142.9 14.1
25.5 188.8 6.5
69.3 50.9 11.2
30.6 75.7 8.9
71.1 119.2 13.7
33.5 162.1 10.0
27.3 137.6 5.6
47.6 148.0 14.8
98.6 101.6 7.3
94.1 144.0 9.9
50.4 118.7 12.1
10.2 152.1 6.2
2.1 124.0 15.0
66.8 53.4 8.4
38.5 149.2 11.6
24.1 151.3 9.0
1.5 98.4 13.2
20.5 78.0 7.1
76.5 198.6 10.5
50.0 118.9 12.8
61.3 190.1 8.7
78.5 177.9 14.3
10.7 193.7 6.9
36.4 190.7 11.0
21.3 96.9 13.5
33.7 176.4 9.6
64.3 112.2 12.2
1.1 118.1 5.9
42.6 143.1 14.7
75.1 147.6 10.3
19.5 137.4 7.7
79.0 139.0 13.1
45.2 98.7 8.2
31.2 86.5 11.9
23.6 137.8 9.4
15.8 196.0 12.6
98.9 111.3 6.8
13.8 64.8 15.0
17.0 71.0 10.1
61.1 109.8 13.4
92.5 193.9 7.5
61.5 134.7 11.3
65.4 158.7 14.0
69.2 164.0 9.8
20.0 68.7 12.9
10.9 51.4 8.0
15.4 183.9 13.8
68.3 197.5 11.5
10.9 132.9 6.1
12.6 107.3 10.7
52.4 58.2 14.2
4.4 99.0 7.9
8.1 74.5 12.5
27.6 185.0 5.5
76.9 90.9 13.0
39.4 124.3 10.8
1.6 58.1 8.5
91.6 159.2 11.1
85.7 173.9 9.2
78.3 149.1 14.5
69.8 174.7 7.2
3.6 51.6 12.0
58.6 140.5 10.4
8.4 113.6 8.8
20.3 71.1 13.3
18.5 90.6 6.4
8.0 174.0 11.7
52.9 114.4 9.7
54.1 171.0 12.3
70.1 147.3 5.2
83.6 178.0 14.6
22.9 104.9 10.2
57.5 193.0 7.6
30.9 84.7 13.6
91.9 185.3 8.1
12.9 66.9 11.4
46.8 117.4 14.9
41.5 149.4 9.1
23.3 144.5 12.7
6.1 95.4 6.7
10.6 149.1 10.9
93.7 107.6 8.3
66.5 177.1 13.9
5.3 168.2 7.0
4.8 98.0 11.8
67.7 139.9 9.5
81.5 185.3 12.4
60.9 98.6 7.8
90.5 135.2 9.3
32.5 170.4 14.1
97.2 185.7 6.5
97.3 128.5 11.2
47.7 169.4 8.9
84.9 98.4 13.7
90.9 156.0 10.0
41.6 151.0 5.6
65.3 133.5 14.8
53.2 197.9 12.4
78.3 50.3 7.8
28.4 156.6 9.3
2.4 142.9 14.1
25.5 188.8 6.5
69.3 50.9 11.2
30.6 75.7 8.9
71.1 119.2 13.7
33.5 162.1 10.0
27.3 137.6 5.6
47.6 148.0 14.8
98.6 101.6 7.3
94.1 144.0 9.9
50.4 118.7 12.1
10.2 152.1 6.2
2.1 124.0 15.0
66.8 53.4 8.4
38.5 149.2 11.6
24.1 151.3 9.0
1.5 98.4 13.2
20.5 78.0 7.1
76.5 198.6 10.5
50.0 118.9 12.8
61.3 190.1 8.7
78.5 177.9 14.3
10.7 193.7 6.9
36.4 190.7 11.0
21.3 96.9 13.5
33.7 176.4 9.6
64.3 112.2 12.2
1.1 118.1 5.9
42.6 143.1 14.7
75.1 147.6 10.3
19.5 137.4 7.7
79.0 139.0 13.1
45.2 98.7 8.2
31.2 86.5 11.9
23.6 137.8 9.4
15.8 196.0 12.6
98.9 111.3 6.8
13.8 64.8 15.0
17.0 71.0 10.1
61.1 109.8 13.4
92.5 193.9 7.5
61.5 134.7 11.3
65.4 158.7 14.0
69.2 164.0 9.8
20.0 68.7 12.9
10.9 51.4 8.0
15.4 183.9 13.8
68.3 197.5 11.5
10.9 132.9 6.1
12.6 107.3 10.7
52.4 58.2 14.2
4.4 99.0 7.9
8.1 74.5 12.5
27.6 185.0 5.5
76.9 90.9 13.0
39.4 124.3 10.8
1.6 58.1 8.5
91.6 159.2 11.1
85.7 173.9 9.2
78.3 149.1 14.5
69.8 174.7 7.2
3.6 51.6 12.0
58.6 140.5 10.4
8.4 113.6 8.8
20.3 71.1 13.3
18.5 90.6 6.4
8.0 174.0 11.7
52.9 114.4 9.7
54.1 171.0 12.3
70.1 147.3 5.2
83.6 178.0 14.6
22.9 104.9 10.2
57.5 193.0 7.6
30.9 84.7 13.6
91.9 185.3 8.1
12.9 66.9 11.4
46.8 117.4 14.9
41.5 149.4 9.1
23.3 144.5 12.7
6.1 95.4 6.7
10.6 149.1 10.9
93.7 107.6 8.3
66.5 177.1 13.9
5.3 168.2 7.0
4.8 98.0 11.8
67.7 139.9 9.5
81.5 185.3 12.4
60.9 98.6 7.8
90.5 135.2 9.3
32.5 170.4 14.1
97.2 185.7 6.5
97.3 128.5 11.2
47.7 169.4 8.9
84.9 98.4 13.7
90.9 156.0 10.0
41.6 151.0 5.6
65.3 133.5 14.8
53.2 197.9 12.4
78.3 50.3 7.8
28.4 156.6 9.3
2.4 142.9 14.1
25.5 188.8 6.5
69.3 50.9 11.2
30.6 75.7 8.9
71.1 119.2 13.7
33.5 162.1 10.0
27.3 137.6 5.6
47.6 148.0 14.8
98.6 101.6 7.3
94.1 144.0 9.9
50.4 118.7 12.1
10.2 152.1 6.2
2.1 124.0 15.0
66.8 53.4 8.4
38.5 149.2 11.6
24.1 151.3 9.0
1.5 98.4 13.2
20.5 78.0 7.1
76.5 198.6 10.5
50.0 118.9 12.8
61.3 190.1 8.7
78.5 177.9 14.3
10.7 193.7 6.9
36.4 190.7 11.0
21.3 96.9 13.5
33.7 176.4 9.6
64.3 112.2 12.2
1.1 118.1 5.9
42.6 143.1 14.7
75.1 147.6 10.3
19.5 137.4 7.7
79.0 139.0 13.1
45.2 98.7 8.2
31.2 86.5 11.9
23.6 137.8 9.4
15.8 196.0 12.6
98.9 111.3 6.8
13.8 64.8 15.0
17.0 71.0 10.1
61.1 109.8 13.4
92.5 193.9 7.5
61.5 134.7 11.3
65.4 158.7 14.0
69.2 164.0 9.8
20.0 68.7 12.9
10.9 51.4 8.0
15.4 183.9 13.8
68.3 197.5 11.5
10.9 132.9 6.1
12.6 107.3 10.7
52.4 58.2 14.2
4.4 99.0 7.9
8.1 74.5 12.5
27.6 185.0 5.5
76.9 90.9 13.0
39.4 124.3 10.8
1.6 58.1 8.5
91.6 159.2 11.1
85.7 173.9 9.2
78.3 149.1 14.5
69.8 174.7 7.2
3.6 51.6 12.0
58.6 140.5 10.4
8.4 113.6 8.8
20.3 71.1 13.3
18.5 90.6 6.4
8.0 174.0 11.7
52.9 114.4 9.7
54.1 171.0 12.3
70.1 147.3 5.2
83.6 178.0 14.6
22.9 104.9 10.2
57.5 193.0 7.6
30.9 84.7 13.6
91.9 185.3 8.1
12.9 66.9 11.4
46.8 117.4 14.9
41.5 149.4 9.1
23.3 144.5 12.7
6.1 95.4 6.7
10.6 149.1 10.9
93.7 107.6 8.3
66.5 177.1 13.9
5.3 168.2 7.0
4.8 98.0 11.8
67.7 139.9 9.5
81.5 185.3 12.4
60.9 98.6 7.8
90.5 135.2 9.3
32.5 170.4 14.1
97.2 185.7 6.5
97.3 128.5 11.2
47.7 169.4 8.9
84.9 98.4 13.7
90.9 156.0 10.0
41.6 151.0 5.6
65.3 133.5 14.8
53.2 197.9 12.4
78.3 50.3 7.8
28.4 156.6 9.3
2.4 142.9 14.1
25.5 188.8 6.5
69.3 50.9 11.2
30.6 75.7 8.9
71.1 119.2 13.7
33.5 162.1 10.0
27.3 137.6 5.6
47.6 148.0 14.8
98.6 101.6 7.3
94.1 144.0 9.9
50.4 118.7 12.1
10.2 152.1 6.2
2.1 124.0 15.0
66.8 53.4 8.4
38.5 149.2 11.6
24.1 151.3 9.0
1.5 98.4 13.2
20.5 78.0 7.1
76.5 198.6 10.5
50.0 118.9 12.8
61.3 190.1 8.7
78.5 177.9 14.3
10.7 193.7 6.9
36.4 190.7 11.0
21.3 96.9 13.5
33.7 176.4 9.6
64.3 112.2 12.2
1.1 118.1 5.9
42.6 143.1 14.7
75.1 147.6 10.3
19.5 137.4 7.7
79.0 139.0 13.1
45.2 98.7 8.2
31.2 86.5 11.9
23.6 137.8 9.4
15.8 196.0 12.6
98.9 111.3 6.8
13.8 64.8 15.0
17.0 71.0 10.1
61.1 109.8 13.4
92.5 193.9 7.5
61.5 134.7 11.3
65.4 158.7 14.0
69.2 164.0 9.8
20.0 68.7 12.9
10.9 51.4 8.0
15.4 183.9 13.8
68.3 197.5 11.5
10.9 132.9 6.1
12.6 107.3 10.7
52.4 58.2 14.2
4.4 99.0 7.9
8.1 74.5 12.5
27.6 185.0 5.5
76.9 90.9 13.0
39.4 124.3 10.8
1.6 58.1 8.5
91.6 159.2 11.1
85.7 173.9 9.2
78.3 149.1 14.5
69.8 174.7 7.2
3.6 51.6 12.0
58.6 140.5 10.4
8.4 113.6 8.8
20.3 71.1 13.3
18.5 90.6 6.4
8.0 174.0 11.7
52.9 114.4 9.7
54.1 171.0 12.3
70.1 147.3 5.2
83.6 178.0 14.6
22.9 104.9 10.2
57.5 193.0 7.6
30.9 84.7 13.6
91.9 185.3 8.1
12.9 66.9 11.4
46.8 117.4 14.9
41.5 149.4 9.1
23.3 144.5 12.7
6.1 95.4 6.7
10.6 149.1 10.9
93.7 107.6 8.3
66.5 177.1 13.9
5.3 168.2 7.0
4.8 98.0 11.8
67.7 139.9 9.5
81.5 185.3 12.4
60.9 98.6 7.8
90.5 135.2 9.3
32.5 170.4 14.1
97.2 185.7 6.5
97.3 128.5 11.2
47.7 169.4 8.9
84.9 98.4 13.7
90.9 156.0 10.0
41.6 151.0 5.6
65.3 133.5 14.8
53.2 197.9 12.4
78.3 50.3 7.8
28.4 156.6 9.3
2.4 142.9 14.1
25.5 188.8 6.5
69.3 50.9 11.2
30.6 75.7 8.9
71.1 119.2 13.7
33.5 162.1 10.0
27.3 137.6 5.6
47.6 148.0 14.8
98.6 101.6 7.3
94.1 144.0 9.9
50.4 118.7 12.1
10.2 152.1 6.2
2.1 124.0 15.0
66.8 53.4 8.4
38.5 149.2 11.6
24.1 151.3 9.0
1.5 98.4 13.2
20.5 78.0 7.1
76.5 198.6 10.5
50.0 118.9 12.8
61.3 190.1 8.7
78.5 177.9 14.3
10.7 193.7 6.9
36.4 190.7 11.0
21.3 96.9 13.5
33.7 176.4 9.6
64.3 112.2 12.2
1.1 118.1 5.9
42.6 143.1 14.7
75.1 147.6 10.3
19.5 137.4 7.7
79.0 139.0 13.1
45.2 98.7 8.2
31.2 86.5 11.9
23.6 137.8 9.4
15.8 196.0 12.6
98.9 111.3 6.8
13.8 64.8 15.0
17.0 71.0 10.1
61.1 109.8 13.4
92.5 193.9 7.5
61.5 134.7 11.3
65.4 158.7 14.0
69.2 164.0 9.8
20.0 68.7 12.9
10.9 51.4 8.0
15.4 183.9 13.8
68.3 197.5 11.5
10.9 132.9 6.1
12.6 107.3 10.7
52.4 58.2 14.2
4.4 99.0 7.9
8.1 74.5 12.5
27.6 185.0 5.5
76.9 90.9 13.0
39.4 124.3 10.8
1.6 58.1 8.5
91.6 159.2 11.1
85.7 173.9 9.2
78.3 149.1 14.5
69.8 174.7 7.2
3.6 51.6 12.0
58.6 140.5 10.4
8.4 113.6 8.8
20.3 71.1 13.3
18.5 90.6 6.4
8.0 174.0 11.7
52.9 114.4 9.7
54.1 171.0 12.3
70.1 147.3 5.2
83.6 178.0 14.6
22.9 104.9 10.2
57.5 193.0 7.6
30.9 84.7 13.6
91.9 185.3 8.1
12.9 66.9 11.4
46.8 117.4 14.9
41.5 149.4 9.1
23.3 144.5 12.7
6.1 95.4 6.7
10.6 149.1 10.9
93.7 107.6 8.3
66.5 177.1 13.9
5.3 168.2 7.0
4.8 98.0 11.8
67.7 139.9 9.5
81.5 185.3 12.4
60.9 98.6 7.8
90.5 135.2 9.3
32.5 170.4 14.1
97.2 185.7 6.5
97.3 128.5 11.2
47.7 169.4 8.9
84.9 98.4 13.7
90.9 156.0 10.0
41.6 151.0 5.6
65.3 133.5 14.8
53.2 197.9 12.4
78.3 50.3 7.8
28.4 156.6 9.3
2.4 142.9 14.1
25.5 188.8 6.5
69.3 50.9 11.2
30.6 75.7 8.9
71.1 119.2 13.7
33.5 162.1 10.0
27.3 137.6 5.6
47.6 148.0 14.8
98.6 101.6 7.3
94.1 144.0 9.9
50.4 118.7 12.1
10.2 152.1 6.2
2.1 124.0 15.0
66.8 53.4 8.4
38.5 149.2 11.6
24.1 151.3 9.0
1.5 98.4 13.2
20.5 78.0 7.1
76.5 198.6 10.5
50.0 118.9 12.8
61.3 190.1 8.7
78.5 177.9 14.3
10.7 193.7 6.9
36.4 190.7 11.0
21.3 96.9 13.5
33.7 176.4 9.6
64.3 112.2 12.2
1.1 118.1 5.9
42.6 143.1 14.7
75.1 147.6 10.3
19.5 137.4 7.7
79.0 139.0 13.1
45.2 98.7 8.2
31.2 86.5 11.9
23.6 137.8 9.4
15.8 196.0 12.6
98.9 111.3 6.8
13.8 64.8 15.0
17.0 71.0 10.1
61.1 109.8 13.4
92.5 193.9 7.5
61.5 134.7 11.3
65.4 158.7 14.0
69.2 164.0 9.8
20.0 68.7 12.9
10.9 51.4 8.0
15.4 183.9 13.8
68.3 197.5 11.5
10.9 132.9 6.1
12.6 107.3 10.7
52.4 58.2 14.2
4.4 99.0 7.9
8.1 74.5 12.5
27.6 185.0 5.5
76.9 90.9 13.0
39.4 124.3 10.8
1.6 58.1 8.5
91.6 159.2 11.1
85.7 173.9 9.2
78.3 149.1 14.5
69.8 174.7 7.2
3.6 51.6 12.0
58.6 140.5 10.4
8.4 113.6 8.8
20.3 71.1 13.3
18.5 90.6 6.4
8.0 174.0 11.7
52.9 114.4 9.7
54.1 171.0 12.3
70.1 147.3 5.2
83.6 178.0 14.6
22.9 104.9 10.2
57.5 193.0 7.6
30.9 84.7 13.6
91.9 185.3 8.1
12.9 66.9 11.4
46.8 117.4 14.9
41.5 149.4 9.1
23.3 144.5 12.7
6.1 95.4 6.7
10.6 149.1 10.9
93.7 107.6 8.3
66.5 177.1 13.9
5.3 168.2 7.0
4.8 98.0 11.8
67.7 139.9 9.5
81.5 185.3 12.4
60.9 98.6 7.8
90.5 135.2 9.3
32.5 170.4 14.1
97.2 185.7 6.5
97.3 128.5 11.2
47.7 169.4 8.9
84.9 98.4 13.7
90.9 156.0 10.0
41.6 151.0 5.6
65.3 133.5 14.8
53.2 197.9 12.4
78.3 50.3 7.8
28.4 156.6 9.3
2.4 142.9 14.1
25.5 188.8 6.5
69.3 50.9 11.2
30.6 75.7 8.9
71.1 119.2 13.7
33.5 162.1 10.0
27.3 137.6 5.6
47.6 148.0 14.8
98.6 101.6 7.3
94.1 144.0 9.9
50.4 118.7 12.1
10.2 152.1 6.2
2.1 124.0 15.0
66.8 53.4 8.4
38.5 149.2 11.6
24.1 151.3 9.0
1.5 98.4 13.2
20.5 78.0 7.1
76.5 198.6 10.5
50.0 118.9 12.8
61.3 190.1 8.7
78.5 177.9 14.3
10.7 193.7 6.9
36.4 190.7 11.0
21.3 96.9 13.5
33.7 176.4 9.6
64.3 112.2 12.2
1.1 118.1 5.9
42.6 143.1 14.7
75.1 147.6 10.3
19.5 137.4 7.7
79.0 139.0 13.1
45.2 98.7 8.2
31.2 86.5 11.9
23.6 137.8 9.4
15.8 196.0 12.6
98.9 111.3 6.8
13.8 64.8 15.0
17.0 71.0 10.1
61.1 109.8 13.4
92.5 193.9 7.5
61.5 134.7 11.3
65.4 158.7 14.0
69.2 164.0 9.8
20.0 68.7 12.9
10.9 51.4 8.0
15.4 183.9 13.8
68.3 197.5 11.5
10.9 132.9 6.1
12.6 107.3 10.7
52.4 58.2 14.2
4.4 99.0 7.9
8.1 74.5 12.5
27.6 185.0 5.5
76.9 90.9 13.0
39.4 124.3 10.8
1.6 58.1 8.5
91.6 159.2 11.1
85.7 173.9 9.2
78.3 149.1 14.5
69.8 174.7 7.2
3.6 51.6 12.0
58.6 140.5 10.4
8.4 113.6 8.8
20.3 71.1 13.3
18.5 90.6 6.4
8.0 174.0 11.7
52.9 114.4 9.7
54.1 171.0 12.3
70.1 147.3 5.2
83.6 178.0 14.6
22.9 104.9 10.2
57.5 193.0 7.6
30.9 84.7 13.6
91.9 185.3 8.1
12.9 66.9 11.4
46.8 117.4 14.9
41.5 149.4 9.1
23.3 144.5 12.7
6.1 95.4 6.7
10.6 149.1 10.9
93.7 107.6 8.3
66.5 177.1 13.9
5.3 168.2 7.0
4.8 98.0 11.8
67.7 139.9 9.5
81.5 185.3 12.4
60.9 98.6 7.8
90.5 135.2 9.3
32.5 170.4 14.1
97.2 185.7 6.5
97.3 128.5 11.2
47.7 169.4 8.9
84.9 98.4 13.7
90.9 156.0 10.0
41.6 151.0 5.6
65.3 133.5 14.8
53.2 197.9 12.4
78.3 50.3 7.8
28.4 156.6 9.3
2.4 142.9 14.1
25.5 188.8 6.5
69.3 50.9 11.2
30.6 75.7 8.9
71.1 119.2 13.7
33.5 162.1 10.0
27.3 137.6 5.6
47.6 148.0 14.8
98.6 101.6 7.3
94.1 144.0 9.9
50.4 118.7 12.1
10.2 152.1 6.2
2.1 124.0 15.0
66.8 53.4 8.4
38.5 149.2 11.6
24.1 151.3 9.0
1.5 98.4 13.2
20.5 78.0 7.1
76.5 198.6 10.5
50.0 118.9 12.8
61.3 190.1 8.7
78.5 177.9 14.3
10.7 193.7 6.9
36.4 190.7 11.0
21.3 96.9 13.5
33.7 176.4 9.6
64.3 112.2 12.2
1.1 118.1 5.9
42.6 143.1 14.7
75.1 147.6 10.3
19.5 137.4 7.7
79.0 139.0 13.1
45.2 98.7 8.2
31.2 86.5 11.9
23.6 137.8 9.4
15.8 196.0 12.6
98.9 111.3 6.8
13.8 64.8 15.0
17.0 71.0 10.1
61.1 109.8 13.4
92.5 193.9 7.5
61.5 134.7 11.3
65.4 158.7 14.0
69.2 164.0 9.8
20.0 68.7 12.9
10.9 51.4 8.0
15.4 183.9 13.8
68.3 197.5 11.5
10.9 132.9 6.1
12.6 107.3 10.7
52.4 58.2 14.2
4.4 99.0 7.9
8.1 74.5 12.5
27.6 185.0 5.5
76.9 90.9 13.0
39.4 124.3 10.8
1.6 58.1 8.5
91.6 159.2 11.1
85.7 173.9 9.2
78.3 149.1 14.5
69.8 174.7 7.2
3.6 51.6 12.0
58.6 140.5 10.4
8.4 113.6 8.8
20.3 71.1 13.3
18.5 90.6 6.4
8.0 174.0 11.7
52.9 114.4 9.7
54.1 171.0 12.3
70.1 147.3 5.2
83.6 178.0 14.6
22.9 104.9 10.2
57.5 193.0 7.6
30.9 84.7 13.6
91.9 185.3 8.1
12.9 66.9 11.4
46.8 117.4 14.9
41.5 149.4 9.1
23.3 144.5 12.7
6.1 95.4 6.7
10.6 149.1 10.9
93.7 107.6 8.3
66.5 177.1 13.9
5.3 168.2 7.0
4.8 98.0 11.8
67.7 139.9 9.5
81.5 185.3 12.4
60.9 98.6 7.8
90.5 135.2 9.3
32.5 170.4 14.1
97.2 185.7 6.5
97.3 128.5 11.2
47.7 169.4 8.9
84.9 98.4 13.7
90.9 156.0 10.0
41.6 151.0 5.6
65.3 133.5 14.8
53.2 197.9 12.4
78.3 50.3 7.8
28.4 156.6 9.3
2.4 142.9 14.1
25.5 188.8 6.5
69.3 50.9 11.2
30.6 75.7 8.9
71.1 119.2 13.7
33.5 162.1 10.0
27.3 137.6 5.6
47.6 148.0 14.8
98.6 101.6 7.3
94.1 144.0 9.9
50.4 118.7 12.1
10.2 152.1 6.2
2.1 124.0 15.0
66.8 53.4 8.4
38.5 149.2 11.6
24.1 151.3 9.0
1.5 98.4 13.2
20.5 78.0 7.1
76.5 198.6 10.5
50.0 118.9 12.8
61.3 190.1 8.7
78.5 177.9 14.3
10.7 193.7 6.9
36.4 190.7 11.0
21.3 96.9 13.5
33.7 176.4 9.6
64.3 112.2 12.2
1.1 118.1 5.9
42.6 143.1 14.7
75.1 147.6 10.3
19.5 137.4 7.7
79.0 139.0 13.1
45.2 98.7 8.2
31.2 86.5 11.9
23.6 137.8 9.4
15.8 196.0 12.6
98.9 111.3 6.8
13.8 64.8 15.0
17.0 71.0 10.1
61.1 109.8 13.4
92.5 193.9 7.5
61.5 134.7 11.3
65.4 158.7 14.0
69.2 164.0 9.8
20.0 68.7 12.9
10.9 51.4 8.0
15.4 183.9 13.8
68.3 197.5 11.5
10.9 132.9 6.1
12.6 107.3 10.7
52.4 58.2 14.2
4.4 99.0 7.9
8.1 74.5 12.5
27.6 185.0 5.5
76.9 90.9 13.0
39.4 124.3 10.8
1.6 58.1 8.5
91.6 159.2 11.1
85.7 173.9 9.2
78.3 149.1 14.5
69.8 174.7 7.2
3.6 51.6 12.0
58.6 140.5 10.4
8.4 113.6 8.8
20.3 71.1 13.3
18.5 90.6 6.4
8.0 174.0 11.7
52.9 114.4 9.7
54.1 171.0 12.3
70.1 147.3 5.2
83.6 178.0 14.6
22.9 104.9 10.2
57.5 193.0 7.6
30.9 84.7 13.6
91.9 185.3 8.1
12.9 66.9 11.4
46.8 117.4 14.9
41.5 149.4 9.1
23.3 144.5 12.7
6.1 95.4 6.7
10.6 149.1 10.9
93.7 107.6 8.3
66.5 177.1 13.9
5.3 168.2 7.0
4.8 98.0 11.8
67.7 139.9 9.5
81.5 185.3 12.4
60.9 98.6 7.8
90.5 135.2 9.3
32.5 170.4 14.1
97.2 185.7 6.5
97.3 128.5 11.2
47.7 169.4 8.9
84.9 98.4 13.7
90.9 156.0 10.0
41.6 151.0 5.6
65.3 133.5 14.8